14.027081189855522 27.61819039422456
6.811403589914691 0.5216352170405942
3.578544944546384 9.492487574456723
4.448569281404609 10.058001794217978
47.46137285177116 15.930726205701081
3.610743041078524 26.07375466236592
16.02655712629614 11.348254371342685
5.769158937938936 48.51432809314851
2.02442656603224 4.764713443159607
12.131326126075741 97.12183159288148
28.89285035568909 6.419765379534916
3.803472052925904 12.341280628012932
6.6713179560560025 5.073976006171737
29.772233388045567 13.211466092339906
66.2626145971609 13.263806438269482
79.63025865933301 14.475110063172123
88.44073482743117 1.502756369572134
8.591740004907512 19.15227761766865
14.379211945224629 15.458365934761327
57.83901635572857 7.578137682669558
11.020452507160446 71.94216960138719
47.81771240216428 2.82808738299924
2.888424596280943 41.057521575481815
44.105996640247405 11.198678671671287
70.33170325316975 5.656786201033228
27.613701675257406 0.6933931981883084
8.174472891800646 60.99814162233163
38.954723567103045 47.144497195377014
32.174481495344665 32.835766225507925
0.8263922128240075 16.965832222264517
69.30091900187841 94.9876887230657
45.332909756135436 1.4305100929001042
14.072452218797737 9.84785765946193
45.809823985773406 7.870410179326845
8.190368337155906 62.411940192153764
34.922770088133 44.889539843440545
8.133103543832124 41.67886640807037
84.22513116281348 3.8046586931030415
3.001404010855003 55.081662251377274
9.06388811394638 6.997435194687302
15.15692848460271 30.085076101832314
41.11269799774775 23.420401748182584
32.80210004072715 12.95117527940924
3.722377299876176 51.04447728387601
27.098175160470497 19.669505907929235
76.17758715128748 27.389885271803042
54.27324118124937 31.710367692696085
45.57723934847554 8.781049376575739
30.750245257710922 16.2743317693715
21.50246197417757 24.904278882034735
50.8853775962688 17.227817789892292
66.92146549698593 0.9698338494343631
0.0 28.1188070190167
7.4891013449422354 58.4736141956744
15.163668841764535 13.436544583211157
8.03477080660263 5.089356902435799
6.179105910549697 26.25985153952955
17.464065881426258 59.407910028804224
18.500526609967995 14.62346726027885
16.473907109215737 1.4642790271565953
1.9965622976312387 86.01658667642755
13.249837598038186 71.71357271699043
1.1652038419054378 50.69972907935436
33.942181694445814 8.929691989860782
0.31052131302495123 34.53764723101456
4.305342674207941 10.999912793596511
62.44965447213381 2.453708396981882
69.28314885610294 4.579909211552745
0.7495262747154605 16.162783426909908
5.121362382989339 6.721767142200712
55.09717638434908 0.4575569804815477
5.828348301022563 6.112858679855206
9.679665073444514 4.771882805750913
5.968300152904571 57.98147307463631
37.86508703894619 57.366745656712204
65.15829548876523 18.177296668443798
1.6584913830098533 22.453598350222595
6.502691955167204 27.524849572408314
26.24406922928156 73.30517577821077
35.9698064896056 0.7395725258874953
7.789338226096838 62.407253612803856
14.890347786186219 6.938756462406557
38.40533849717333 16.34955715609807
69.21219301940378 19.017789143527065
33.90442671676158 14.440853042066118
31.245071484459846 8.343323256349917
34.236421792601604 8.245645634660363
2.0370084280605605 1.256153737898849
45.96080454797522 89.7533987541819
49.00797447448069 22.564543684750205
9.712903165746848 22.194312971255865
4.646833132354008 0.6425876055328622
79.21669953777386 30.492545022159657
20.85764551844636 2.8293764413775366
2.2032634617012787 49.02801265726239
37.76186715069026 1.7052535658552
18.364527761049136 15.832987948972276
37.15299048184046 72.69246207365991
28.120730355493624 7.770337553537819
7.028550008534614 47.28260326503425
