16.572248965890303 11.861219845110229
8.353629756427617 46.09269833575292
18.678294015666662 75.82380629430432
52.888133720347575 18.656652421207745
21.242316255933225 11.266668393604457
65.15613000795683 47.62574419665926
3.6426829686978532 19.483381997804305
81.17145083667509 6.818528742520579
17.81028713876617 8.749918219857108
17.87355140209132 10.20602465818159
13.222750278016694 0.18537617361946912
0.5084001863900314 20.528233276543027
86.76715375704418 14.684798029670516
0.9078499659823001 55.84029778306752
34.30102327131116 1.6420495320226154
4.392642713709882 2.4697831477475507
17.395967640510932 1.5882601630429745
3.1167664340313106 27.47977327693481
75.9012667072905 9.061735080651973
12.399236728721128 3.932909749992951
